24
80
75
13
0
57
82
67
43
38
25
95
7
49
73
49
93
100
17
75
95
46
70
30
30
25
45
23
14
30
16
86
16
79
38
46
41
53
65
74
61
93
2
97
5
13
14
65
35
27
26
62
1
46
96
27
97
60
11
62
43
10
94
12
98
19
29
69
30
48
68
4
51
9
48
27
53
95
91
79
66
43
3
17
65
95
78
38
71
8
72
65
28
97
82
78
47
85
38
84
23
89
55
68
48
15
68
31
30
39
82
21
28
99
36
49
50
32
92
14
11
80
11
13
17
47
14
73
100
10
63
71
85
54
74
44
59
48
57
18
68
51
16
53
50
65
86
17
42
42
61
51
23
97
58
16
68
4
60
63
45
11
21
85
14
87
48
17
22
34
4
26
19
18
91
0
13
99
56
7
43
12
17
67
23
72
53
8
44
17
3
86
1
65
12
66
88
96
14
90
43
9
32
0
43
14
54
68
2
92
45
41
14
81
83
94
11
2
23
90
74
100
59
58
47
53
39
29
1
87
93
16
100
49
64
83
37
97
80
17
40
82
17
21
40
57
73
52
61
46
41
75
62
71
53
55
69
46
22
55
17
8
53
21
30
32
98
71
3
42
3
12
94
14
93
26
79
97
18
80
23
66
96
60
6
49
95
67
20
43
1
55
68
7
34
70
90
16
76
50
43
52
27
68
93
13
98
20
39
86
75
39
2
66
50
8
27
49
96
61
38
13
9
28
97
31
26
62
48
87
95
41
75
31
89
10
66
58
81
73
98
26
38
76
30
63
83
93
21
13
58
67
3
6
83
3
91
17
45
91
95
83
100
52
98
37
42
13
45
48
60
79
89
7
71
69
96
47
52
84
95
83
44
17
94
15
41
51
39
79
8
61
13
84
69
69
70
12
92
39
77
35
98
52
27
27
46
39
97
81
30
47
79
62
32
36
87
25
67
14
43
71
96
73
75
98
65
1
69
99
43
50
99
67
95
85
93
20
75
87
23
40
59
18
94
44
20
100
93
40
39
72
41
97
0
10
66
53
26
41
93
51
17
69
31
13
70
6
7
21
93
97
93
47
100
62
65
39
24
61
47
50
34
45
7
30
73
8
86
82
21
54
47
81
37
49
62
74
63
43
63
34
92
51
45
64
22
25
10
57
79
60
95
6
88
62
42
12
89
41
47
89
81
32
50
88
94
91
14
8
93
44
13
63
89
48
72
4
20
14
33
27
5
91
67
8
98
94
43
6
75
13
12
86
62
5
64
55
76
6
44
33
31
12
97
79
95
25
96
25
96
90
1
32
34
97
95
52
46
10
55
75
37
71
90
75
51
16
70
85
86
85
53
24
64
11
81
2
2
59
35
6
64
48
96
6
89
74
28
90
39
15
1
93
13
44
16
61
86
7
54
87
43
40
0
89
34
100
5
76
3
6
77
75
69
77
30
58
47
86
93
30
25
13
74
51
30
78
79
15
61
78
4
80
33
27
60
96
98
47
40
24
37
30
12
24
76
67
65
83
44
10
19
86
79
9
9
54
38
87
62
48
92
60
73
56
86
35
60
27
51
63
79
88
94
51
28
91
17
44
45
58
13
60
27
35
14
2
72
34
70
77
62
96
8
86
92
64
70
62
47
83
70
100
36
13
49
85
9
35
52
74
34
13
92
74
77
24
89
88
24
23
72
93
21
88
59
46
54
51
6
43
76
9
12
89
17
35
70
67
24
73
67
23
7
61
27
6
55
96
36
71
15
88
10
68
42
100
44
31
69
16
96
50
38
50
56
21
95
35
72
3
53
1
28
56
66
8
100
7
81
22
69
100
24
25
38
39
58
24
34
24
12
100
64
71
21
59
82
56
96
27
7
41
2
23
18
83
17
35
36
95
35
21
88
73
35
77
67
89
17
37
71
28
72
2
66
59
70
13
22
84
22
4
13
11
99
78
40
33
100
23
73
86
54
79
5
65
6
88
94
49
71
79
12
16
74
46
22
5
90
59
27
71
9
6
6
21
46
100
76
10
83
38
49
72
93
97
57
84
37
23
27
68
45
3
83
4
73
16
16
47
66
11
91
36
30
90
2
68
96
0
37
70
6
72
45
33
60
50
51
67
33
9
32
35
69
31
8
81
94
99
74
26
66
100
56
81
28
41
38
55
6
69
75
10
59
29
68
87
91
11
12
71
67
40
19
39
1
58
83
23
75
77
99
46
21
15
72
70
95
69
8
36
94
75
47
47
25
17
5
5
31
7
87
4
47
30
78
18
Average of all students:  50.369
Average of passed students:  57.39481268011527
Average of Distinction students:  88.51737451737452
Average of failed students:  19.104060913705585

 % Passed:  34.699999999999996
% Failed:  39.4
% Distinction:  25.900000000000002
